ÉLECTION PARTIELLE DU 2010/09/13;;;;;;;;;;
CIRCONSCRIPTION                    ;      ;    ;       ;Fiorilo             ;Fournier            ;Landry              ;Leclerc             ;Pigeon              ;      ;    
Saint-Laurent                      ; S.É. ;S.V.; É.I.  ;Jose                ;Jean-Marc           ;Tim                 ;Philippe            ;Marie Josèphe       ;B.V.  ;B.R.
MUNICIPALITÉS                      ;      ;    ;       ;A.D.Q.         ;P.L.Q./Q.L.P.  ;P.V.Q./G.P.Q.  ;P.Q.           ;Q.S.           ;      ;    
Montréal,v  (p)                    ;021.00;1;293;4;22;3;23;6;58;0
Montréal,v  (p)                    ;021.00;2;254;0;0;0;0;0;0;0
Montréal,v  (p)                    ;021.00;3;296;7;40;1;13;2;63;1
Montréal,v  (p)                    ;021.00;4;244;4;30;0;4;0;38;0
Montréal,v  (p)                    ;021.00;5;286;15;44;4;10;7;80;1
Montréal,v  (p)                    ;021.00;6;367;8;67;4;16;1;96;2
Montréal,v  (p)                    ;021.00;7;296;7;29;1;8;0;45;4
Montréal,v  (p)                    ;021.00;8;297;6;46;6;19;0;77;1
Montréal,v  (p)                    ;021.00;9;303;12;64;6;24;14;120;2
Montréal,v  (p)                    ;021.00;10;287;3;46;4;5;3;61;0
TOTAL DU SECTEUR                   ;      ;    ;2923;66;388;29;122;33;638;11
Montréal,v  (p)                    ;022.00;11;289;1;25;1;3;1;31;0
Montréal,v  (p)                    ;022.00;12;277;5;36;2;1;1;45;2
Montréal,v  (p)                    ;022.00;13;285;5;34;3;8;2;52;0
Montréal,v  (p)                    ;022.00;14;298;9;45;6;10;6;76;1
Montréal,v  (p)                    ;022.00;15;317;6;44;1;21;4;76;0
Montréal,v  (p)                    ;022.00;16;280;0;29;2;16;1;48;0
Montréal,v  (p)                    ;022.00;17;346;4;22;1;10;2;39;1
Montréal,v  (p)                    ;022.00;18;121;0;0;0;0;0;0;0
Montréal,v  (p)                    ;022.00;19;51;0;0;0;0;0;0;0
Montréal,v  (p)                    ;022.00;20;279;5;17;3;15;8;48;0
TOTAL DU SECTEUR                   ;      ;    ;2543;35;252;19;84;25;415;4
Montréal,v  (p)                    ;023.00;21;315;8;25;8;29;7;77;0
Montréal,v  (p)                    ;023.00;22;286;0;28;0;34;8;70;1
Montréal,v  (p)                    ;023.00;23;285;2;21;0;6;2;31;0
Montréal,v  (p)                    ;023.00;24;303;2;17;4;13;2;38;0
Montréal,v  (p)                    ;023.00;25;345;2;18;2;7;2;31;2
Montréal,v  (p)                    ;023.00;26;270;3;23;1;6;1;34;0
Montréal,v  (p)                    ;023.00;27;309;6;22;4;12;14;58;1
Montréal,v  (p)                    ;023.00;28;297;1;52;3;9;5;70;2
Montréal,v  (p)                    ;023.00;29;157;0;0;0;0;0;0;0
Montréal,v  (p)                    ;023.00;30;329;6;48;6;59;6;125;0
Montréal,v  (p)                    ;023.00;31;275;8;18;7;32;10;75;1
TOTAL DU SECTEUR                   ;      ;    ;3171;38;272;35;207;57;609;7
Montréal,v  (p)                    ;024.00;32;274;1;41;1;18;3;64;1
Montréal,v  (p)                    ;024.00;33;282;2;31;5;38;12;88;0
Montréal,v  (p)                    ;024.00;34;288;8;33;3;16;11;71;2
Montréal,v  (p)                    ;024.00;35;271;4;28;5;37;11;85;0
Montréal,v  (p)                    ;024.00;36;282;6;24;4;53;6;93;0
Montréal,v  (p)                    ;024.00;37;285;4;36;0;12;2;54;0
TOTAL DU SECTEUR                   ;      ;    ;1682;25;193;18;174;45;455;3
Montréal,v  (p)                    ;025.00;38;293;3;43;2;14;1;63;0
Montréal,v  (p)                    ;025.00;39;288;11;47;2;21;5;86;0
Montréal,v  (p)                    ;025.00;40;279;7;57;4;17;7;92;1
Montréal,v  (p)                    ;025.00;41;275;1;37;4;21;0;63;1
Montréal,v  (p)                    ;025.00;42;303;4;38;2;2;1;47;0
Montréal,v  (p)                    ;025.00;43;261;11;26;1;19;5;62;0
Montréal,v  (p)                    ;025.00;44;290;2;14;1;5;4;26;2
TOTAL DU SECTEUR                   ;      ;    ;1989;39;262;16;99;23;439;4
Montréal,v  (p)                    ;026.00;45;274;1;32;1;3;3;40;3
Montréal,v  (p)                    ;026.00;46;284;6;50;6;3;4;69;2
Montréal,v  (p)                    ;026.00;47;284;9;40;2;10;9;70;0
Montréal,v  (p)                    ;026.00;48;287;2;40;3;7;1;53;0
Montréal,v  (p)                    ;026.00;49;263;3;46;2;2;0;53;1
Montréal,v  (p)                    ;026.00;50;333;0;47;1;3;1;52;2
Montréal,v  (p)                    ;026.00;51;309;2;21;0;7;0;30;0
Montréal,v  (p)                    ;026.00;52;284;3;36;4;5;1;49;3
Montréal,v  (p)                    ;026.00;53;270;3;23;2;8;1;37;2
Montréal,v  (p)                    ;026.00;54;271;3;38;3;3;2;49;2
Montréal,v  (p)                    ;026.00;55;269;3;37;2;1;1;44;1
TOTAL DU SECTEUR                   ;      ;    ;3128;35;410;26;52;23;546;16
Montréal,v  (p)                    ;027.00;56;290;3;42;0;5;2;52;0
Montréal,v  (p)                    ;027.00;57;302;7;29;6;21;6;69;1
Montréal,v  (p)                    ;027.00;58;276;10;52;1;7;0;70;2
Montréal,v  (p)                    ;027.00;59;295;3;34;2;4;4;47;0
Montréal,v  (p)                    ;027.00;60;299;5;35;5;4;2;51;3
Montréal,v  (p)                    ;027.00;61;290;1;59;1;3;4;68;0
Montréal,v  (p)                    ;027.00;62;307;3;37;1;8;5;54;1
Montréal,v  (p)                    ;027.00;63;299;10;51;3;8;7;79;1
Montréal,v  (p)                    ;027.00;64;298;5;54;2;10;1;72;2
TOTAL DU SECTEUR                   ;      ;    ;2656;47;393;21;70;31;562;10
Montréal,v  (p)                    ;028.00;65;261;11;37;5;6;1;60;1
Montréal,v  (p)                    ;028.00;66;281;2;52;7;11;3;75;4
Montréal,v  (p)                    ;028.00;67;306;5;53;2;9;2;71;3
Montréal,v  (p)                    ;028.00;68;269;5;41;1;9;4;60;1
Montréal,v  (p)                    ;028.00;69;260;1;44;1;5;0;51;0
Montréal,v  (p)                    ;028.00;70;282;1;28;1;4;4;38;0
Montréal,v  (p)                    ;028.00;71;289;2;31;0;9;1;43;2
Montréal,v  (p)                    ;028.00;72;285;3;29;0;0;0;32;0
Montréal,v  (p)                    ;028.00;73;258;5;13;1;2;0;21;1
Montréal,v  (p)                    ;028.00;74;575;2;35;2;8;2;49;0
Montréal,v  (p)                    ;028.00;75;345;10;27;0;6;4;47;0
Montréal,v  (p)                    ;028.00;76;431;9;39;3;5;2;58;1
Montréal,v  (p)                    ;028.00;77;415;6;42;0;3;1;52;1
Montréal,v  (p)                    ;028.00;78;270;9;9;2;9;0;29;0
Montréal,v  (p)                    ;028.00;79;358;1;14;2;10;3;30;0
Montréal,v  (p)                    ;028.00;80;449;9;29;2;11;2;53;0
Montréal,v  (p)                    ;028.00;81;277;10;27;2;8;0;47;1
Montréal,v  (p)                    ;028.00;82;342;2;23;2;4;2;33;0
TOTAL DU SECTEUR                   ;      ;    ;5953;93;573;33;119;31;849;15
Montréal,v  (p)                    ;029.00;83;301;8;21;1;0;2;32;0
Montréal,v  (p)                    ;029.00;84;270;1;19;2;1;0;23;0
Montréal,v  (p)                    ;029.00;85;268;6;32;0;3;2;43;0
Montréal,v  (p)                    ;029.00;86;295;3;32;3;1;0;39;2
Montréal,v  (p)                    ;029.00;87;285;12;29;8;3;0;52;0
Montréal,v  (p)                    ;029.00;88;87;0;0;0;0;0;0;0
Montréal,v  (p)                    ;029.00;89;305;7;26;1;3;0;37;3
Montréal,v  (p)                    ;029.00;90;300;3;26;2;1;0;32;0
Montréal,v  (p)                    ;029.00;91;285;10;39;2;1;3;55;0
Montréal,v  (p)                    ;029.00;92;290;2;22;1;3;0;28;1
Montréal,v  (p)                    ;029.00;93;267;3;35;3;5;3;49;2
Montréal,v  (p)                    ;029.00;94;287;5;29;2;6;1;43;0
Montréal,v  (p)                    ;029.00;95;276;4;25;3;7;0;39;0
Montréal,v  (p)                    ;029.00;96;279;7;23;6;7;0;43;0
Montréal,v  (p)                    ;029.00;97;276;2;30;3;7;0;42;0
Montréal,v  (p)                    ;029.00;98;292;6;22;6;19;1;54;0
Montréal,v  (p)                    ;029.00;99;268;10;14;2;2;2;30;0
Montréal,v  (p)                    ;029.00;100;348;6;28;2;10;1;47;0
Montréal,v  (p)                    ;029.00;101;242;0;0;0;0;0;0;0
Montréal,v  (p)                    ;029.00;102;286;4;17;1;2;2;26;0
Montréal,v  (p)                    ;029.00;103;341;5;16;0;8;4;33;1
Montréal,v  (p)                    ;029.00;104;276;3;19;1;13;3;39;1
TOTAL DU SECTEUR                   ;      ;    ;6124;107;504;49;102;24;786;10
Montréal,v  (p)                    ;030.00;105;397;5;21;3;7;7;43;5
Montréal,v  (p)                    ;030.00;106;272;5;40;4;7;3;59;0
Montréal,v  (p)                    ;030.00;107;259;3;29;0;10;6;48;2
Montréal,v  (p)                    ;030.00;108;268;7;35;3;22;3;70;0
Montréal,v  (p)                    ;030.00;109;273;7;31;4;9;3;54;0
TOTAL DU SECTEUR                   ;      ;    ;1469;27;156;14;55;22;274;7
Montréal,v  (p)                    ;031.00;110;293;4;31;6;5;4;50;1
Montréal,v  (p)                    ;031.00;111;288;7;46;7;18;7;85;1
Montréal,v  (p)                    ;031.00;112;296;0;22;1;6;2;31;0
Montréal,v  (p)                    ;031.00;113;296;6;28;3;29;4;70;0
Montréal,v  (p)                    ;031.00;114;306;4;58;4;17;4;87;2
TOTAL DU SECTEUR                   ;      ;    ;1479;21;185;21;75;21;323;4
Montréal,v  (p)                    ;032.00;115;241;5;28;1;4;2;40;0
Montréal,v  (p)                    ;032.00;116;252;5;19;2;0;0;26;3
Montréal,v  (p)                    ;032.00;117;242;2;36;0;4;0;42;1
Montréal,v  (p)                    ;032.00;118;289;3;14;4;9;2;32;0
Montréal,v  (p)                    ;032.00;119;307;2;25;2;7;4;40;2
TOTAL DU SECTEUR                   ;      ;    ;1331;17;122;9;24;8;180;6
Montréal,v  (p)                    ;033.00;120;266;2;32;1;4;1;40;0
Montréal,v  (p)                    ;033.00;121;308;3;26;3;6;3;41;2
Montréal,v  (p)                    ;033.00;122;314;3;31;0;1;2;37;0
Montréal,v  (p)                    ;033.00;123;320;2;29;0;4;3;38;2
Montréal,v  (p)                    ;033.00;124;292;2;44;2;8;4;60;0
Montréal,v  (p)                    ;033.00;125;284;8;21;4;7;8;48;1
Montréal,v  (p)                    ;033.00;126;278;2;26;4;6;0;38;1
Montréal,v  (p)                    ;033.00;127;306;0;39;2;10;3;54;1
Montréal,v  (p)                    ;033.00;128;290;4;33;3;10;2;52;3
TOTAL DU SECTEUR                   ;      ;    ;2658;26;281;19;56;26;408;10
Montréal,v  (p)                    ;034.00;129;333;1;23;4;32;6;66;0
Montréal,v  (p)                    ;034.00;130;325;4;19;2;28;7;60;0
Montréal,v  (p)                    ;034.00;131;311;5;25;4;37;12;83;0
Montréal,v  (p)                    ;034.00;132;336;13;27;9;70;9;128;0
Montréal,v  (p)                    ;034.00;133;311;8;40;12;30;8;98;2
Montréal,v  (p)                    ;034.00;134;323;2;51;2;10;3;68;2
TOTAL DU SECTEUR                   ;      ;    ;1939;33;185;33;207;45;503;4
Montréal,v  (p)                    ;035.00;135;319;8;35;3;10;5;61;1
Montréal,v  (p)                    ;035.00;136;319;6;34;7;10;1;58;0
Montréal,v  (p)                    ;035.00;137;308;4;44;5;32;2;87;0
Montréal,v  (p)                    ;035.00;138;332;2;50;1;2;2;57;2
Montréal,v  (p)                    ;035.00;139;308;8;30;3;9;1;51;0
Montréal,v  (p)                    ;035.00;140;316;6;33;3;4;1;47;1
Montréal,v  (p)                    ;035.00;141;303;7;38;1;6;0;52;1
TOTAL DU SECTEUR                   ;      ;    ;2205;41;264;23;73;12;413;5
Montréal,v  (p)                    ;036.00;142;152;0;0;0;0;0;0;0
Montréal,v  (p)                    ;036.00;143;132;0;0;0;0;0;0;0
Montréal,v  (p)                    ;036.00;144;277;5;30;0;0;0;35;0
Montréal,v  (p)                    ;036.00;145;259;0;30;3;2;0;35;0
Montréal,v  (p)                    ;036.00;146;287;4;33;2;2;1;42;1
Montréal,v  (p)                    ;036.00;147;268;3;18;3;6;1;31;1
Montréal,v  (p)                    ;036.00;148;292;5;32;1;1;2;41;0
Montréal,v  (p)                    ;036.00;149;275;3;32;0;1;0;36;0
Montréal,v  (p)                    ;036.00;150;296;3;25;1;6;1;36;0
Montréal,v  (p)                    ;036.00;151;273;11;34;3;3;1;52;0
TOTAL DU SECTEUR                   ;      ;    ;2511;34;234;13;21;6;308;2
Montréal,v  (p)                    ;037.00;152;330;2;33;0;0;0;35;0
Montréal,v  (p)                    ;037.00;153;304;10;50;2;1;0;63;0
Montréal,v  (p)                    ;037.00;154;304;5;48;10;1;1;65;0
Montréal,v  (p)                    ;037.00;155;308;12;38;1;3;1;55;0
Montréal,v  (p)                    ;037.00;156;306;25;39;6;2;1;73;2
Montréal,v  (p)                    ;037.00;157;308;6;42;3;2;2;55;0
Montréal,v  (p)                    ;037.00;158;314;1;32;2;1;0;36;1
TOTAL DU SECTEUR                   ;      ;    ;2174;61;282;24;10;5;382;3
Montréal,v  (p)                    ;038.00;159;320;1;30;0;0;0;31;0
Montréal,v  (p)                    ;038.00;160;329;5;49;1;0;0;55;0
Montréal,v  (p)                    ;038.00;161;327;2;35;0;1;1;39;0
Montréal,v  (p)                    ;038.00;162;319;3;26;0;4;3;36;0
Montréal,v  (p)                    ;038.00;163;320;1;41;3;2;1;48;2
Montréal,v  (p)                    ;038.00;164;305;1;43;3;0;2;49;0
TOTAL DU SECTEUR                   ;      ;    ;1920;13;224;7;7;7;258;2
Montréal,v  (p)                    ;039.00;165;277;9;28;0;0;0;37;0
Montréal,v  (p)                    ;039.00;166;286;9;42;1;2;0;54;0
Montréal,v  (p)                    ;039.00;167;275;5;39;0;3;0;47;0
Montréal,v  (p)                    ;039.00;168;286;1;18;2;1;1;23;0
Montréal,v  (p)                    ;039.00;169;280;8;28;2;3;2;43;0
Montréal,v  (p)                    ;039.00;170;277;3;22;4;0;0;29;0
TOTAL DU SECTEUR                   ;      ;    ;1681;35;177;9;9;3;233;0
Montréal,v  (p)                    ;040.00;171;328;4;43;4;3;0;54;0
Montréal,v  (p)                    ;040.00;172;304;12;37;4;11;2;66;1
Montréal,v  (p)                    ;040.00;173;318;4;32;5;2;3;46;1
Montréal,v  (p)                    ;040.00;174;101;0;0;0;0;0;0;0
Montréal,v  (p)                    ;040.00;175;400;11;35;7;22;7;82;2
Montréal,v  (p)                    ;040.00;176;323;11;40;5;21;4;81;1
Montréal,v  (p)                    ;040.00;177;290;4;30;3;33;7;77;1
Montréal,v  (p)                    ;040.00;178;293;6;11;1;21;6;45;0
Montréal,v  (p)                    ;040.00;179;292;3;18;4;13;8;46;0
TOTAL DU SECTEUR                   ;      ;    ;2649;55;246;33;126;37;497;6
VOTE PAR ANTICIPATION              ;      ;    ;       ;            ;            ;            ;            ;            ;      ;    
Montréal,v                         ;      ;1;       ;3;46;1;13;1;64;0
Montréal,v                         ;      ;2;       ;4;40;1;15;4;64;0
Montréal,v                         ;      ;3;       ;9;175;4;57;13;258;6
Montréal,v                         ;      ;4;       ;3;134;5;23;8;173;1
Montréal,v                         ;      ;5;       ;2;58;2;5;7;74;3
Montréal,v                         ;      ;6;       ;3;42;1;3;1;50;0
Montréal,v                         ;      ;7;       ;0;43;1;9;2;55;1
Montréal,v                         ;      ;8;       ;10;85;2;9;2;108;3
Montréal,v                         ;      ;9;       ;9;60;4;25;5;103;4
Montréal,v                         ;      ;10;       ;7;76;10;14;6;113;1
Montréal,v                         ;      ;11;       ;1;39;6;14;4;64;2
Montréal,v                         ;      ;12;       ;5;64;2;28;8;107;0
Montréal,v                         ;      ;13;       ;1;74;0;5;0;80;2
Montréal,v                         ;      ;14;       ;2;56;2;6;0;66;0
Montréal,v                         ;      ;15;       ;5;61;6;23;4;99;1
Montréal,v                         ;      ;16;       ;19;470;15;55;17;576;13
Montréal,v                         ;      ;17;       ;0;0;0;0;0;0;0
Montréal,v                         ;      ;18;       ;0;0;0;0;0;0;0
Montréal,v                         ;      ;19;       ;0;0;0;0;0;0;0
Montréal,v                         ;      ;20;       ;0;0;0;0;0;0;0
Montréal,v                         ;      ;21;       ;0;0;0;0;0;0;0
Montréal,v                         ;      ;22;       ;0;0;0;0;0;0;0
Montréal,v                         ;      ;23;       ;0;0;0;0;0;0;0
Montréal,v                         ;      ;24;       ;0;0;0;0;0;0;0
ÉLECTEURS HORS DU QUÉBEC           ;      ;    ;1;0;0;0;0;0;0;0
GRAND TOTAL                        ;        ;      ;52186;931;7126;513;1996;566;11132;166
